0.7000000000000002
1.0000000000000004
4.483513891962314e-32
1.0000000000000004
1.0000000000000004
1.0000000000000004
1.0000000000000004
4.483513891962314e-32
1.0000000000000004
4.483513891962314e-32
1.0000000000000004
1.0000000000000004
1.0000000000000004
1.0000000000000004
1.0000000000000004
1.0000000000000004
4.483513891962314e-32
1.0000000000000004
1.0000000000000004
4.483513891962314e-32
1.0000000000000004
1.0000000000000004
1.0000000000000004
1.0000000000000004
1.0000000000000004
4.483513891962314e-32
73
