0.8500000000000003
1.0000000000000004
1.0000000000000004
1.0000000000000004
1.0000000000000004
1.0000000000000004
1.0000000000000004
1.0000000000000004
1.0000000000000004
1.0000000000000004
1.0000000000000004
1.0000000000000004
1.0000000000000004
1.0000000000000004
1.0000000000000004
1.0000000000000004
1.0000000000000004
1.0000000000000004
1.0000000000000004
1.0000000000000004
1.0000000000000004
4.483513891962314e-32
1.0000000000000004
1.0000000000000004
1.0000000000000004
1.0000000000000004
65
